______________________________________________________________________________________
| Остаток основного долга | Ежемесячный взнос | Погашение процентов | Погашение долга |
|                  400000 |           4404.35 |                4000 |          404.35 |
|                  399595 |           4404.35 |             3995.95 |           408.4 |
|                  399186 |           4404.35 |             3991.86 |          412.49 |
|                  398773 |           4404.35 |             3987.73 |          416.62 |
|                  398356 |           4404.35 |             3983.56 |          420.79 |
|                  397935 |           4404.35 |             3979.35 |             425 |
|                  397509 |           4404.35 |             3975.09 |          429.26 |
|                  397079 |           4404.35 |             3970.79 |          433.56 |
|                  396645 |           4404.35 |             3966.45 |           437.9 |
|                  396207 |           4404.35 |             3962.07 |          442.28 |
|                  395764 |           4404.35 |             3957.64 |          446.71 |
|                  395317 |           4404.35 |             3953.17 |          451.18 |
|                  394865 |           4404.35 |             3948.65 |           455.7 |
|                  394409 |           4404.35 |             3944.09 |          460.26 |
|                  393948 |           4404.35 |             3939.48 |          464.87 |
|                  393483 |           4404.35 |             3934.83 |          469.52 |
|                  393013 |           4404.35 |             3930.13 |          474.22 |
|                  392538 |           4404.35 |             3925.38 |          478.97 |
|                  392059 |           4404.35 |             3920.59 |          483.76 |
|                  391575 |           4404.35 |             3915.75 |           488.6 |
|                  391086 |           4404.35 |             3910.86 |          493.49 |
|                  390592 |           4404.35 |             3905.92 |          498.43 |
|                  390093 |           4404.35 |             3900.93 |          503.42 |
|                  389589 |           4404.35 |             3895.89 |          508.46 |
|                  389080 |           4404.35 |              3890.8 |          513.55 |
|                  388566 |           4404.35 |             3885.66 |          518.69 |
|                  388047 |           4404.35 |             3880.47 |          523.88 |
|                  387523 |           4404.35 |             3875.23 |          529.12 |
|                  386993 |           4404.35 |             3869.93 |          534.42 |
|                  386458 |           4404.35 |             3864.58 |          539.77 |
|                  385918 |           4404.35 |             3859.18 |          545.17 |
|                  385372 |           4404.35 |             3853.72 |          550.63 |
|                  384821 |           4404.35 |             3848.21 |          556.14 |
|                  384264 |           4404.35 |             3842.64 |          561.71 |
|                  383702 |           4404.35 |             3837.02 |          567.33 |
|                  383134 |           4404.35 |             3831.34 |          573.01 |
|                  382560 |           4404.35 |              3825.6 |          578.75 |
|                  381981 |           4404.35 |             3819.81 |          584.54 |
|                  381396 |           4404.35 |             3813.96 |          590.39 |
|                  380805 |           4404.35 |             3808.05 |           596.3 |
|                  380208 |           4404.35 |             3802.08 |          602.27 |
|                  379605 |           4404.35 |             3796.05 |           608.3 |
|                  378996 |           4404.35 |             3789.96 |          614.39 |
|                  378381 |           4404.35 |             3783.81 |          620.54 |
|                  377760 |           4404.35 |              3777.6 |          626.75 |
|                  377133 |           4404.35 |             3771.33 |          633.02 |
|                  376499 |           4404.35 |             3764.99 |          639.36 |
|                  375859 |           4404.35 |             3758.59 |          645.76 |
|                  375213 |           4404.35 |             3752.13 |          652.22 |
|                  374560 |           4404.35 |              3745.6 |          658.75 |
|                  373901 |           4404.35 |             3739.01 |          665.34 |
|                  373235 |           4404.35 |             3732.35 |             672 |
|                  372562 |           4404.35 |             3725.62 |          678.73 |
|                  371883 |           4404.35 |             3718.83 |          685.52 |
|                  371197 |           4404.35 |             3711.97 |          692.38 |
|                  370504 |           4404.35 |             3705.04 |          699.31 |
|                  369804 |           4404.35 |             3698.04 |          706.31 |
|                  369097 |           4404.35 |             3690.97 |          713.38 |
|                  368383 |           4404.35 |             3683.83 |          720.52 |
|                  367662 |           4404.35 |             3676.62 |          727.73 |
|                  366934 |           4404.35 |             3669.34 |          735.01 |
|                  366198 |           4404.35 |             3661.98 |          742.37 |
|                  365455 |           4404.35 |             3654.55 |           749.8 |
|                  364705 |           4404.35 |             3647.05 |           757.3 |
|                  363947 |           4404.35 |             3639.47 |          764.88 |
|                  363182 |           4404.35 |             3631.82 |          772.53 |
|                  362409 |           4404.35 |             3624.09 |          780.26 |
|                  361628 |           4404.35 |             3616.28 |          788.07 |
|                  360839 |           4404.35 |             3608.39 |          795.96 |
|                  360043 |           4404.35 |             3600.43 |          803.92 |
|                  359239 |           4404.35 |             3592.39 |          811.96 |
|                  358427 |           4404.35 |             3584.27 |          820.08 |
|                  357606 |           4404.35 |             3576.06 |          828.29 |
|                  356777 |           4404.35 |             3567.77 |          836.58 |
|                  355940 |           4404.35 |              3559.4 |          844.95 |
|                  355095 |           4404.35 |             3550.95 |           853.4 |
|                  354241 |           4404.35 |             3542.41 |          861.94 |
|                  353379 |           4404.35 |             3533.79 |          870.56 |
|                  352508 |           4404.35 |             3525.08 |          879.27 |
|                  351628 |           4404.35 |             3516.28 |          888.07 |
|                  350739 |           4404.35 |             3507.39 |          896.96 |
|                  349842 |           4404.35 |             3498.42 |          905.93 |
|                  348936 |           4404.35 |             3489.36 |          914.99 |
|                  348021 |           4404.35 |             3480.21 |          924.14 |
|                  347096 |           4404.35 |             3470.96 |          933.39 |
|                  346162 |           4404.35 |             3461.62 |          942.73 |
|                  345219 |           4404.35 |             3452.19 |          952.16 |
|                  344266 |           4404.35 |             3442.66 |          961.69 |
|                  343304 |           4404.35 |             3433.04 |          971.31 |
|                  342332 |           4404.35 |             3423.32 |          981.03 |
|                  341350 |           4404.35 |              3413.5 |          990.85 |
|                  340359 |           4404.35 |             3403.59 |         1000.76 |
|                  339358 |           4404.35 |             3393.58 |         1010.77 |
|                  338347 |           4404.35 |             3383.47 |         1020.88 |
|                  337326 |           4404.35 |             3373.26 |         1031.09 |
|                  336294 |           4404.35 |             3362.94 |         1041.41 |
|                  335252 |           4404.35 |             3352.52 |         1051.83 |
|                  334200 |           4404.35 |                3342 |         1062.35 |
|                  333137 |           4404.35 |             3331.37 |         1072.98 |
|                  332064 |           4404.35 |             3320.64 |         1083.71 |
|                  330980 |           4404.35 |              3309.8 |         1094.55 |
|                  329885 |           4404.35 |             3298.85 |          1105.5 |
|                  328779 |           4404.35 |             3287.79 |         1116.56 |
|                  327662 |           4404.35 |             3276.62 |         1127.73 |
|                  326534 |           4404.35 |             3265.34 |         1139.01 |
|                  325394 |           4404.35 |             3253.94 |         1150.41 |
|                  324243 |           4404.35 |             3242.43 |         1161.92 |
|                  323081 |           4404.35 |             3230.81 |         1173.54 |
|                  321907 |           4404.35 |             3219.07 |         1185.28 |
|                  320721 |           4404.35 |             3207.21 |         1197.14 |
|                  319523 |           4404.35 |             3195.23 |         1209.12 |
|                  318313 |           4404.35 |             3183.13 |         1221.22 |
|                  317091 |           4404.35 |             3170.91 |         1233.44 |
|                  315857 |           4404.35 |             3158.57 |         1245.78 |
|                  314611 |           4404.35 |             3146.11 |         1258.24 |
|                  313352 |           4404.35 |             3133.52 |         1270.83 |
|                  312081 |           4404.35 |             3120.81 |         1283.54 |
|                  310797 |           4404.35 |             3107.97 |         1296.38 |
|                  309500 |           4404.35 |                3095 |         1309.35 |
|                  308190 |           4404.35 |              3081.9 |         1322.45 |
|                  306867 |           4404.35 |             3068.67 |         1335.68 |
|                  305531 |           4404.35 |             3055.31 |         1349.04 |
|                  304181 |           4404.35 |             3041.81 |         1362.54 |
|                  302818 |           4404.35 |             3028.18 |         1376.17 |
|                  301441 |           4404.35 |             3014.41 |         1389.94 |
|                  300051 |           4404.35 |             3000.51 |         1403.84 |
|                  298647 |           4404.35 |             2986.47 |         1417.88 |
|                  297229 |           4404.35 |             2972.29 |         1432.06 |
|                  295796 |           4404.35 |             2957.96 |         1446.39 |
|                  294349 |           4404.35 |             2943.49 |         1460.86 |
|                  292888 |           4404.35 |             2928.88 |         1475.47 |
|                  291412 |           4404.35 |             2914.12 |         1490.23 |
|                  289921 |           4404.35 |             2899.21 |         1505.14 |
|                  288415 |           4404.35 |             2884.15 |          1520.2 |
|                  286894 |           4404.35 |             2868.94 |         1535.41 |
|                  285358 |           4404.35 |             2853.58 |         1550.77 |
|                  283807 |           4404.35 |             2838.07 |         1566.28 |
|                  282240 |           4404.35 |              2822.4 |         1581.95 |
|                  280658 |           4404.35 |             2806.58 |         1597.77 |
|                  279060 |           4404.35 |              2790.6 |         1613.75 |
|                  277446 |           4404.35 |             2774.46 |         1629.89 |
|                  275816 |           4404.35 |             2758.16 |         1646.19 |
|                  274169 |           4404.35 |             2741.69 |         1662.66 |
|                  272506 |           4404.35 |             2725.06 |         1679.29 |
|                  270826 |           4404.35 |             2708.26 |         1696.09 |
|                  269129 |           4404.35 |             2691.29 |         1713.06 |
|                  267415 |           4404.35 |             2674.15 |          1730.2 |
|                  265684 |           4404.35 |             2656.84 |         1747.51 |
|                  263936 |           4404.35 |             2639.36 |         1764.99 |
|                  262171 |           4404.35 |             2621.71 |         1782.64 |
|                  260388 |           4404.35 |             2603.88 |         1800.47 |
|                  258587 |           4404.35 |             2585.87 |         1818.48 |
|                  256768 |           4404.35 |             2567.68 |         1836.67 |
|                  254931 |           4404.35 |             2549.31 |         1855.04 |
|                  253075 |           4404.35 |             2530.75 |          1873.6 |
|                  251201 |           4404.35 |             2512.01 |         1892.34 |
|                  249308 |           4404.35 |             2493.08 |         1911.27 |
|                  247396 |           4404.35 |             2473.96 |         1930.39 |
|                  245465 |           4404.35 |             2454.65 |          1949.7 |
|                  243515 |           4404.35 |             2435.15 |          1969.2 |
|                  241545 |           4404.35 |             2415.45 |          1988.9 |
|                  239556 |           4404.35 |             2395.56 |         2008.79 |
|                  237547 |           4404.35 |             2375.47 |         2028.88 |
|                  235518 |           4404.35 |             2355.18 |         2049.17 |
|                  233468 |           4404.35 |             2334.68 |         2069.67 |
|                  231398 |           4404.35 |             2313.98 |         2090.37 |
|                  229307 |           4404.35 |             2293.07 |         2111.28 |
|                  227195 |           4404.35 |             2271.95 |          2132.4 |
|                  225062 |           4404.35 |             2250.62 |         2153.73 |
|                  222908 |           4404.35 |             2229.08 |         2175.27 |
|                  220732 |           4404.35 |             2207.32 |         2197.03 |
|                  218534 |           4404.35 |             2185.34 |         2219.01 |
|                  216314 |           4404.35 |             2163.14 |         2241.21 |
|                  214072 |           4404.35 |             2140.72 |         2263.63 |
|                  211808 |           4404.35 |             2118.08 |         2286.27 |
|                  209521 |           4404.35 |             2095.21 |         2309.14 |
|                  207211 |           4404.35 |             2072.11 |         2332.24 |
|                  204878 |           4404.35 |             2048.78 |         2355.57 |
|                  202522 |           4404.35 |             2025.22 |         2379.13 |
|                  200142 |           4404.35 |             2001.42 |         2402.93 |
|                  197739 |           4404.35 |             1977.39 |         2426.96 |
|                  195312 |           4404.35 |             1953.12 |         2451.23 |
|                  192860 |           4404.35 |              1928.6 |         2475.75 |
|                  190384 |           4404.35 |             1903.84 |         2500.51 |
|                  187883 |           4404.35 |             1878.83 |         2525.52 |
|                  185357 |           4404.35 |             1853.57 |         2550.78 |
|                  182806 |           4404.35 |             1828.06 |         2576.29 |
|                  180229 |           4404.35 |             1802.29 |         2602.06 |
|                  177626 |           4404.35 |             1776.26 |         2628.09 |
|                  174997 |           4404.35 |             1749.97 |         2654.38 |
|                  172342 |           4404.35 |             1723.42 |         2680.93 |
|                  169661 |           4404.35 |             1696.61 |         2707.74 |
|                  166953 |           4404.35 |             1669.53 |         2734.82 |
|                  164218 |           4404.35 |             1642.18 |         2762.17 |
|                  161455 |           4404.35 |             1614.55 |          2789.8 |
|                  158665 |           4404.35 |             1586.65 |          2817.7 |
|                  155847 |           4404.35 |             1558.47 |         2845.88 |
|                  153001 |           4404.35 |             1530.01 |         2874.34 |
|                  150126 |           4404.35 |             1501.26 |         2903.09 |
|                  147222 |           4404.35 |             1472.22 |         2932.13 |
|                  144289 |           4404.35 |             1442.89 |         2961.46 |
|                  141327 |           4404.35 |             1413.27 |         2991.08 |
|                  138335 |           4404.35 |             1383.35 |            3021 |
|                  135313 |           4404.35 |             1353.13 |         3051.22 |
|                  132261 |           4404.35 |             1322.61 |         3081.74 |
|                  129179 |           4404.35 |             1291.79 |         3112.56 |
|                  126066 |           4404.35 |             1260.66 |         3143.69 |
|                  122922 |           4404.35 |             1229.22 |         3175.13 |
|                  119746 |           4404.35 |             1197.46 |         3206.89 |
|                  116539 |           4404.35 |             1165.39 |         3238.96 |
|                  113300 |           4404.35 |                1133 |         3271.35 |
|                  110028 |           4404.35 |             1100.28 |         3304.07 |
|                  106723 |           4404.35 |             1067.23 |         3337.12 |
|                  103385 |           4404.35 |             1033.85 |          3370.5 |
|                  100014 |           4404.35 |             1000.14 |         3404.21 |
|                   96609 |           4404.35 |              966.09 |         3438.26 |
|                   93170 |           4404.35 |               931.7 |         3472.65 |
|                   89697 |           4404.35 |              896.97 |         3507.38 |
|                   86189 |           4404.35 |              861.89 |         3542.46 |
|                   82646 |           4404.35 |              826.46 |         3577.89 |
|                   79068 |           4404.35 |              790.68 |         3613.67 |
|                   75454 |           4404.35 |              754.54 |         3649.81 |
|                   71804 |           4404.35 |              718.04 |         3686.31 |
|                   68117 |           4404.35 |              681.17 |         3723.18 |
|                   64393 |           4404.35 |              643.93 |         3760.42 |
|                   60632 |           4404.35 |              606.32 |         3798.03 |
|                   56833 |           4404.35 |              568.33 |         3836.02 |
|                   52996 |           4404.35 |              529.96 |         3874.39 |
|                   49121 |           4404.35 |              491.21 |         3913.14 |
|                   45207 |           4404.35 |              452.07 |         3952.28 |
|                   41254 |           4404.35 |              412.54 |         3991.81 |
|                   37262 |           4404.35 |              372.62 |         4031.73 |
|                   33230 |           4404.35 |               332.3 |         4072.05 |
|                   29157 |           4404.35 |              291.57 |         4112.78 |
|                   25044 |           4404.35 |              250.44 |         4153.91 |
|                   20890 |           4404.35 |               208.9 |         4195.45 |
|                   16694 |           4404.35 |              166.94 |         4237.41 |
|                   12456 |           4404.35 |              124.56 |         4279.79 |
|                    8176 |           4404.35 |               81.76 |         4322.59 |
|                    3853 |              3853 |               38.53 |         3814.47 |
