______________________________________________________________________________________
| Остаток основного долга | Ежемесячный взнос | Погашение процентов | Погашение долга |
|                  400000 |           18829.4 |                4000 |         14829.4 |
|                  385170 |           18829.4 |              3851.7 |         14977.7 |
|                  370192 |           18829.4 |             3701.92 |         15127.5 |
|                  355064 |           18829.4 |             3550.64 |         15278.8 |
|                  339785 |           18829.4 |             3397.85 |         15431.6 |
|                  324353 |           18829.4 |             3243.53 |         15585.9 |
|                  308767 |           18829.4 |             3087.67 |         15741.7 |
|                  293025 |           18829.4 |             2930.25 |         15899.2 |
|                  277125 |           18829.4 |             2771.25 |         16058.2 |
|                  261066 |           18829.4 |             2610.66 |         16218.7 |
|                  244847 |           18829.4 |             2448.47 |         16380.9 |
|                  228466 |           18829.4 |             2284.66 |         16544.7 |
|                  211921 |           18829.4 |             2119.21 |         16710.2 |
|                  195210 |           18829.4 |              1952.1 |         16877.3 |
|                  178332 |           18829.4 |             1783.32 |         17046.1 |
|                  161285 |           18829.4 |             1612.85 |         17216.6 |
|                  144068 |           18829.4 |             1440.68 |         17388.7 |
|                  126679 |           18829.4 |             1266.79 |         17562.6 |
|                  109116 |           18829.4 |             1091.16 |         17738.2 |
|                   91377 |           18829.4 |              913.77 |         17915.6 |
|                   73461 |           18829.4 |              734.61 |         18094.8 |
|                   55366 |           18829.4 |              553.66 |         18275.7 |
|                   37090 |           18829.4 |               370.9 |         18458.5 |
|                   18631 |             18631 |              186.31 |         18444.7 |
