______________________________________________________________________________________
| Остаток основного долга | Ежемесячный взнос | Погашение процентов | Погашение долга |
|                12000000 |            123862 |              110000 |         13862.4 |
|                11986137 |            123862 |              109873 |         13989.5 |
|                11972147 |            123862 |              109745 |         14117.7 |
|                11958029 |            123862 |              109615 |         14247.2 |
|                11943781 |            123862 |              109485 |         14377.8 |
|                11929403 |            123862 |              109353 |         14509.6 |
|                11914893 |            123862 |              109220 |         14642.6 |
|                11900250 |            123862 |              109086 |         14776.8 |
|                11885473 |            123862 |              108950 |         14912.2 |
|                11870560 |            123862 |              108813 |           15049 |
|                11855511 |            123862 |              108676 |         15186.9 |
|                11840324 |            123862 |              108536 |         15326.1 |
|                11824997 |            123862 |              108396 |         15466.6 |
|                11809530 |            123862 |              108254 |         15608.4 |
|                11793921 |            123862 |              108111 |         15751.5 |
|                11778169 |            123862 |              107967 |         15895.9 |
|                11762273 |            123862 |              107821 |         16041.6 |
|                11746231 |            123862 |              107674 |         16188.6 |
|                11730042 |            123862 |              107525 |           16337 |
|                11713704 |            123862 |              107376 |         16486.8 |
|                11697217 |            123862 |              107224 |         16637.9 |
|                11680579 |            123862 |              107072 |         16790.4 |
|                11663788 |            123862 |              106918 |         16944.4 |
|                11646843 |            123862 |              106763 |         17099.7 |
|                11629743 |            123862 |              106606 |         17256.4 |
|                11612486 |            123862 |              106448 |         17414.6 |
|                11595071 |            123862 |              106288 |         17574.3 |
|                11577496 |            123862 |              106127 |         17735.4 |
|                11559760 |            123862 |              105964 |           17898 |
|                11541862 |            123862 |              105800 |           18062 |
|                11523799 |            123862 |              105635 |         18227.6 |
|                11505571 |            123862 |              105468 |         18394.7 |
|                11487176 |            123862 |              105299 |         18563.3 |
|                11468612 |            123862 |              105129 |         18733.5 |
|                11449878 |            123862 |              104957 |         18905.2 |
|                11430972 |            123862 |              104784 |         19078.5 |
|                11411893 |            123862 |              104609 |         19253.4 |
|                11392639 |            123862 |              104433 |         19429.9 |
|                11373209 |            123862 |              104254 |           19608 |
|                11353600 |            123862 |              104075 |         19787.8 |
|                11333812 |            123862 |              103893 |         19969.1 |
|                11313842 |            123862 |              103710 |         20152.2 |
|                11293689 |            123862 |              103525 |         20336.9 |
|                11273352 |            123862 |              103339 |         20523.4 |
|                11252828 |            123862 |              103151 |         20711.5 |
|                11232116 |            123862 |              102961 |         20901.4 |
|                11211214 |            123862 |              102769 |           21093 |
|                11190121 |            123862 |              102576 |         21286.3 |
|                11168834 |            123862 |              102381 |         21481.4 |
|                11147352 |            123862 |              102184 |         21678.4 |
|                11125673 |            123862 |              101985 |         21877.1 |
|                11103795 |            123862 |              101785 |         22077.6 |
|                11081717 |            123862 |              101582 |           22280 |
|                11059436 |            123862 |              101378 |         22484.3 |
|                11036951 |            123862 |              101172 |         22690.4 |
|                11014260 |            123862 |              100964 |         22898.4 |
|                10991361 |            123862 |              100754 |         23108.3 |
|                10968252 |            123862 |              100542 |         23320.1 |
|                10944931 |            123862 |              100329 |         23533.9 |
|                10921397 |            123862 |              100113 |         23749.6 |
|                10897647 |            123862 |             99895.1 |         23967.3 |
|                10873679 |            123862 |             99675.4 |           24187 |
|                10849491 |            123862 |             99453.7 |         24408.8 |
|                10825082 |            123862 |             99229.9 |         24632.5 |
|                10800449 |            123862 |             99004.1 |         24858.3 |
|                10775590 |            123862 |             98776.2 |         25086.2 |
|                10750503 |            123862 |             98546.3 |         25316.1 |
|                10725186 |            123862 |             98314.2 |         25548.2 |
|                10699637 |            123862 |               98080 |         25782.4 |
|                10673854 |            123862 |             97843.7 |         26018.8 |
|                10647835 |            123862 |             97605.2 |         26257.3 |
|                10621577 |            123862 |             97364.5 |           26498 |
|                10595079 |            123862 |             97121.6 |         26740.9 |
|                10568338 |            123862 |             96876.4 |           26986 |
|                10541352 |            123862 |             96629.1 |         27233.4 |
|                10514118 |            123862 |             96379.4 |           27483 |
|                10486634 |            123862 |             96127.5 |         27734.9 |
|                10458899 |            123862 |             95873.2 |         27989.2 |
|                10430909 |            123862 |             95616.7 |         28245.8 |
|                10402663 |            123862 |             95357.8 |         28504.7 |
|                10374158 |            123862 |             95096.5 |           28766 |
|                10345392 |            123862 |             94832.8 |         29029.7 |
|                10316362 |            123862 |             94566.7 |         29295.8 |
|                10287066 |            123862 |             94298.1 |         29564.3 |
|                10257501 |            123862 |             94027.1 |         29835.3 |
|                10227665 |            123862 |             93753.6 |         30108.8 |
|                10197556 |            123862 |             93477.6 |         30384.8 |
|                10167171 |            123862 |             93199.1 |         30663.4 |
|                10136507 |            123862 |               92918 |         30944.4 |
|                10105562 |            123862 |             92634.3 |         31228.1 |
|                10074333 |            123862 |             92348.1 |         31514.4 |
|                10042818 |            123862 |             92059.2 |         31803.3 |
|                10011014 |            123862 |             91767.6 |         32094.8 |
|                 9978919 |            123862 |             91473.4 |           32389 |
|                 9946530 |            123862 |             91176.5 |         32685.9 |
|                 9913844 |            123862 |             90876.9 |         32985.5 |
|                 9880858 |            123862 |             90574.5 |         33287.9 |
|                 9847570 |            123862 |             90269.4 |           33593 |
|                 9813976 |            123862 |             89961.5 |           33901 |
|                 9780075 |            123862 |             89650.7 |         34211.7 |
|                 9745863 |            123862 |             89337.1 |         34525.3 |
|                 9711337 |            123862 |             89020.6 |         34841.8 |
|                 9676495 |            123862 |             88701.2 |         35161.2 |
|                 9641333 |            123862 |             88378.9 |         35483.5 |
|                 9605849 |            123862 |             88053.6 |         35808.8 |
|                 9570040 |            123862 |             87725.4 |         36137.1 |
|                 9533902 |            123862 |             87394.1 |         36468.3 |
|                 9497433 |            123862 |             87059.8 |         36802.6 |
|                 9460630 |            123862 |             86722.4 |           37140 |
|                 9423490 |            123862 |               86382 |         37480.4 |
|                 9386009 |            123862 |             86038.4 |           37824 |
|                 9348184 |            123862 |             85691.7 |         38170.7 |
|                 9310013 |            123862 |             85341.8 |         38520.6 |
|                 9271492 |            123862 |             84988.7 |         38873.8 |
|                 9232618 |            123862 |             84632.3 |         39230.1 |
|                 9193387 |            123862 |             84272.7 |         39589.7 |
|                 9153797 |            123862 |             83909.8 |         39952.6 |
|                 9113844 |            123862 |             83543.6 |         40318.9 |
|                 9073525 |            123862 |               83174 |         40688.4 |
|                 9032836 |            123862 |               82801 |         41061.4 |
|                 8991774 |            123862 |             82424.6 |         41437.8 |
|                 8950336 |            123862 |             82044.8 |         41817.7 |
|                 8908518 |            123862 |             81661.4 |           42201 |
|                 8866316 |            123862 |             81274.6 |         42587.9 |
|                 8823728 |            123862 |             80884.2 |         42978.2 |
|                 8780749 |            123862 |             80490.2 |         43372.2 |
|                 8737376 |            123862 |             80092.6 |         43769.8 |
|                 8693606 |            123862 |             79691.4 |           44171 |
|                 8649434 |            123862 |             79286.5 |         44575.9 |
|                 8604858 |            123862 |             78877.9 |         44984.6 |
|                 8559873 |            123862 |             78465.5 |         45396.9 |
|                 8514476 |            123862 |             78049.4 |         45813.1 |
|                 8468662 |            123862 |             77629.4 |           46233 |
|                 8422428 |            123862 |             77205.6 |         46656.8 |
|                 8375771 |            123862 |             76777.9 |         47084.5 |
|                 8328686 |            123862 |             76346.3 |         47516.1 |
|                 8281169 |            123862 |             75910.7 |         47951.7 |
|                 8233217 |            123862 |             75471.2 |         48391.3 |
|                 8184825 |            123862 |             75027.6 |         48834.9 |
|                 8135990 |            123862 |             74579.9 |         49282.5 |
|                 8086707 |            123862 |             74128.1 |         49734.3 |
|                 8036972 |            123862 |             73672.2 |         50190.2 |
|                 7986781 |            123862 |             73212.2 |         50650.3 |
|                 7936130 |            123862 |             72747.9 |         51114.6 |
|                 7885015 |            123862 |             72279.3 |         51583.1 |
|                 7833431 |            123862 |             71806.5 |           52056 |
|                 7781375 |            123862 |             71329.3 |         52533.2 |
|                 7728841 |            123862 |             70847.7 |         53014.7 |
|                 7675826 |            123862 |             70361.7 |         53500.7 |
|                 7622325 |            123862 |             69871.3 |         53991.1 |
|                 7568333 |            123862 |             69376.4 |           54486 |
|                 7513846 |            123862 |             68876.9 |         54985.5 |
|                 7458860 |            123862 |             68372.9 |         55489.5 |
|                 7403370 |            123862 |             67864.2 |         55998.2 |
|                 7347371 |            123862 |             67350.9 |         56511.5 |
|                 7290859 |            123862 |             66832.9 |         57029.6 |
|                 7233829 |            123862 |             66310.1 |         57552.3 |
|                 7176276 |            123862 |             65782.5 |         58079.9 |
|                 7118196 |            123862 |             65250.1 |         58612.3 |
|                 7059583 |            123862 |             64712.8 |         59149.6 |
|                 7000433 |            123862 |             64170.6 |         59691.8 |
|                 6940741 |            123862 |             63623.5 |           60239 |
|                 6880502 |            123862 |             63071.3 |         60791.2 |
|                 6819710 |            123862 |               62514 |         61348.4 |
|                 6758361 |            123862 |             61951.6 |         61910.8 |
|                 6696450 |            123862 |             61384.1 |         62478.3 |
|                 6633971 |            123862 |             60811.4 |           63051 |
|                 6570919 |            123862 |             60233.4 |           63629 |
|                 6507290 |            123862 |             59650.2 |         64212.3 |
|                 6443077 |            123862 |             59061.5 |         64800.9 |
|                 6378276 |            123862 |             58467.5 |         65394.9 |
|                 6312881 |            123862 |             57868.1 |         65994.4 |
|                 6246886 |            123862 |             57263.1 |         66599.3 |
|                 6180286 |            123862 |             56652.6 |         67209.8 |
|                 6113076 |            123862 |             56036.5 |         67825.9 |
|                 6045250 |            123862 |             55414.8 |         68447.6 |
|                 5976802 |            123862 |             54787.4 |         69075.1 |
|                 5907726 |            123862 |             54154.2 |         69708.3 |
|                 5838017 |            123862 |             53515.2 |         70347.3 |
|                 5767669 |            123862 |             52870.3 |         70992.1 |
|                 5696676 |            123862 |             52219.5 |         71642.9 |
|                 5625033 |            123862 |             51562.8 |         72299.6 |
|                 5552733 |            123862 |             50900.1 |         72962.4 |
|                 5479770 |            123862 |             50231.2 |         73631.2 |
|                 5406138 |            123862 |             49556.3 |         74306.2 |
|                 5331831 |            123862 |             48875.1 |         74987.3 |
|                 5256843 |            123862 |             48187.7 |         75674.7 |
|                 5181168 |            123862 |               47494 |         76368.4 |
|                 5104799 |            123862 |               46794 |         77068.4 |
|                 5027730 |            123862 |             46087.5 |         77774.9 |
|                 4949955 |            123862 |             45374.6 |         78487.8 |
|                 4871467 |            123862 |             44655.1 |         79207.3 |
|                 4792259 |            123862 |               43929 |         79933.4 |
|                 4712325 |            123862 |             43196.3 |         80666.1 |
|                 4631658 |            123862 |             42456.9 |         81405.6 |
|                 4550252 |            123862 |             41710.6 |         82151.8 |
|                 4468100 |            123862 |             40957.6 |         82904.8 |
|                 4385195 |            123862 |             40197.6 |         83664.8 |
|                 4301530 |            123862 |             39430.7 |         84431.7 |
|                 4217098 |            123862 |             38656.7 |         85205.7 |
|                 4131892 |            123862 |             37875.7 |         85986.8 |
|                 4045905 |            123862 |             37087.5 |           86775 |
|                 3959130 |            123862 |               36292 |         87570.4 |
|                 3871559 |            123862 |             35489.3 |         88373.1 |
|                 3783185 |            123862 |             34679.2 |         89183.2 |
|                 3694001 |            123862 |             33861.7 |         90000.8 |
|                 3604000 |            123862 |             33036.7 |         90825.8 |
|                 3513174 |            123862 |             32204.1 |         91658.3 |
|                 3421515 |            123862 |             31363.9 |         92498.5 |
|                 3329016 |            123862 |               30516 |         93346.4 |
|                 3235669 |            123862 |             29660.3 |         94202.1 |
|                 3141466 |            123862 |             28796.8 |         95065.7 |
|                 3046400 |            123862 |             27925.3 |         95937.1 |
|                 2950462 |            123862 |             27045.9 |         96816.5 |
|                 2853645 |            123862 |             26158.4 |           97704 |
|                 2755940 |            123862 |             25262.8 |         98599.6 |
|                 2657340 |            123862 |               24359 |         99503.5 |
|                 2557836 |            123862 |             23446.8 |          100416 |
|                 2457420 |            123862 |             22526.4 |          101336 |
|                 2356083 |            123862 |             21597.4 |          102265 |
|                 2253818 |            123862 |               20660 |          103202 |
|                 2150615 |            123862 |               19714 |          104148 |
|                 2046466 |            123862 |             18759.3 |          105103 |
|                 1941362 |            123862 |             17795.8 |          106067 |
|                 1835295 |            123862 |             16823.5 |          107039 |
|                 1728256 |            123862 |             15842.3 |          108020 |
|                 1620235 |            123862 |             14852.2 |          109010 |
|                 1511224 |            123862 |             13852.9 |          110010 |
|                 1401214 |            123862 |             12844.5 |          111018 |
|                 1290196 |            123862 |             11826.8 |          112036 |
|                 1178160 |            123862 |             10799.8 |          113063 |
|                 1065097 |            123862 |             9763.39 |          114099 |
|                  950997 |            123862 |             8717.47 |          115145 |
|                  835852 |            123862 |             7661.98 |          116200 |
|                  719651 |            123862 |              6596.8 |          117266 |
|                  602385 |            123862 |             5521.86 |          118341 |
|                  484044 |            123862 |             4437.07 |          119425 |
|                  364618 |            123862 |             3342.33 |          120520 |
|                  244097 |            123862 |             2237.56 |          121625 |
|                  122472 |            122472 |             1122.66 |          121349 |
______________________________________________________________________________________
| Остаток основного долга | Ежемесячный взнос | Погашение процентов | Погашение долга |
|                 1000000 |           23268.3 |             11666.7 |         11601.6 |
|                  988398 |           23268.3 |             11531.3 |           11737 |
|                  976661 |           23268.3 |             11394.4 |         11873.9 |
|                  964787 |           23268.3 |             11255.8 |         12012.4 |
|                  952774 |           23268.3 |             11115.7 |         12152.6 |
|                  940621 |           23268.3 |             10973.9 |         12294.4 |
|                  928326 |           23268.3 |             10830.5 |         12437.8 |
|                  915888 |           23268.3 |             10685.4 |         12582.9 |
|                  903305 |           23268.3 |             10538.6 |         12729.7 |
|                  890575 |           23268.3 |               10390 |         12878.2 |
|                  877696 |           23268.3 |             10239.8 |         13028.5 |
|                  864667 |           23268.3 |             10087.8 |         13180.5 |
|                  851486 |           23268.3 |                9934 |         13334.3 |
|                  838151 |           23268.3 |             9778.43 |         13489.8 |
|                  824661 |           23268.3 |             9621.04 |         13647.2 |
|                  811013 |           23268.3 |             9461.82 |         13806.5 |
|                  797206 |           23268.3 |             9300.74 |         13967.5 |
|                  783238 |           23268.3 |             9137.78 |         14130.5 |
|                  769107 |           23268.3 |             8972.92 |         14295.4 |
|                  754811 |           23268.3 |             8806.13 |         14462.1 |
|                  740348 |           23268.3 |             8637.39 |         14630.9 |
|                  725717 |           23268.3 |              8466.7 |         14801.6 |
|                  710915 |           23268.3 |             8294.01 |         14974.3 |
|                  695940 |           23268.3 |              8119.3 |           15149 |
|                  680791 |           23268.3 |             7942.56 |         15325.7 |
|                  665465 |           23268.3 |             7763.76 |         15504.5 |
|                  649960 |           23268.3 |             7582.87 |         15685.4 |
|                  634274 |           23268.3 |             7399.86 |         15868.4 |
|                  618405 |           23268.3 |             7214.73 |         16053.5 |
|                  602351 |           23268.3 |             7027.43 |         16240.8 |
|                  586110 |           23268.3 |             6837.95 |         16430.3 |
|                  569679 |           23268.3 |             6646.25 |           16622 |
|                  553056 |           23268.3 |             6452.32 |         16815.9 |
|                  536240 |           23268.3 |             6256.13 |         17012.1 |
|                  519227 |           23268.3 |             6057.65 |         17210.6 |
|                  502016 |           23268.3 |             5856.85 |         17411.4 |
|                  484604 |           23268.3 |             5653.71 |         17614.6 |
|                  466989 |           23268.3 |             5448.21 |         17820.1 |
|                  449168 |           23268.3 |             5240.29 |           18028 |
|                  431140 |           23268.3 |             5029.97 |         18238.3 |
|                  412901 |           23268.3 |             4817.18 |         18451.1 |
|                  394449 |           23268.3 |              4601.9 |         18666.4 |
|                  375782 |           23268.3 |             4384.12 |         18884.1 |
|                  356897 |           23268.3 |              4163.8 |         19104.5 |
|                  337792 |           23268.3 |             3940.91 |         19327.4 |
|                  318464 |           23268.3 |             3715.41 |         19552.9 |
|                  298911 |           23268.3 |             3487.29 |           19781 |
|                  279130 |           23268.3 |             3256.52 |         20011.8 |
|                  259118 |           23268.3 |             3023.04 |         20245.2 |
|                  238872 |           23268.3 |             2786.84 |         20481.4 |
|                  218390 |           23268.3 |             2547.88 |         20720.4 |
|                  197669 |           23268.3 |             2306.14 |         20962.1 |
|                  176706 |           23268.3 |             2061.57 |         21206.7 |
|                  155499 |           23268.3 |             1814.16 |         21454.1 |
|                  134044 |           23268.3 |             1563.85 |         21704.4 |
|                  112339 |           23268.3 |             1310.62 |         21957.6 |
|                   90381 |           23268.3 |             1054.44 |         22213.8 |
|                   68167 |           23268.3 |             795.282 |           22473 |
|                   45694 |           23268.3 |             533.097 |         22735.2 |
|                   22958 |             22958 |             267.843 |         22690.2 |
______________________________________________________________________________________
| Остаток основного долга | Ежемесячный взнос | Погашение процентов | Погашение долга |
|                 1000000 |           23268.3 |             11666.7 |         11601.6 |
|                  988398 |           23268.3 |             11531.3 |           11737 |
|                  976661 |           23268.3 |             11394.4 |         11873.9 |
|                  964787 |           23268.3 |             11255.8 |         12012.4 |
|                  952774 |           23268.3 |             11115.7 |         12152.6 |
|                  940621 |           23268.3 |             10973.9 |         12294.4 |
|                  928326 |           23268.3 |             10830.5 |         12437.8 |
|                  915888 |           23268.3 |             10685.4 |         12582.9 |
|                  903305 |           23268.3 |             10538.6 |         12729.7 |
|                  890575 |           23268.3 |               10390 |         12878.2 |
|                  877696 |           23268.3 |             10239.8 |         13028.5 |
|                  864667 |           23268.3 |             10087.8 |         13180.5 |
|                  851486 |           23268.3 |                9934 |         13334.3 |
|                  838151 |           23268.3 |             9778.43 |         13489.8 |
|                  824661 |           23268.3 |             9621.04 |         13647.2 |
|                  811013 |           23268.3 |             9461.82 |         13806.5 |
|                  797206 |           23268.3 |             9300.74 |         13967.5 |
|                  783238 |           23268.3 |             9137.78 |         14130.5 |
|                  769107 |           23268.3 |             8972.92 |         14295.4 |
|                  754811 |           23268.3 |             8806.13 |         14462.1 |
|                  740348 |           23268.3 |             8637.39 |         14630.9 |
|                  725717 |           23268.3 |              8466.7 |         14801.6 |
|                  710915 |           23268.3 |             8294.01 |         14974.3 |
|                  695940 |           23268.3 |              8119.3 |           15149 |
|                  680791 |           23268.3 |             7942.56 |         15325.7 |
|                  665465 |           23268.3 |             7763.76 |         15504.5 |
|                  649960 |           23268.3 |             7582.87 |         15685.4 |
|                  634274 |           23268.3 |             7399.86 |         15868.4 |
|                  618405 |           23268.3 |             7214.73 |         16053.5 |
|                  602351 |           23268.3 |             7027.43 |         16240.8 |
|                  586110 |           23268.3 |             6837.95 |         16430.3 |
|                  569679 |           23268.3 |             6646.25 |           16622 |
|                  553056 |           23268.3 |             6452.32 |         16815.9 |
|                  536240 |           23268.3 |             6256.13 |         17012.1 |
|                  519227 |           23268.3 |             6057.65 |         17210.6 |
|                  502016 |           23268.3 |             5856.85 |         17411.4 |
|                  484604 |           23268.3 |             5653.71 |         17614.6 |
|                  466989 |           23268.3 |             5448.21 |         17820.1 |
|                  449168 |           23268.3 |             5240.29 |           18028 |
|                  431140 |           23268.3 |             5029.97 |         18238.3 |
|                  412901 |           23268.3 |             4817.18 |         18451.1 |
|                  394449 |           23268.3 |              4601.9 |         18666.4 |
|                  375782 |           23268.3 |             4384.12 |         18884.1 |
|                  356897 |           23268.3 |              4163.8 |         19104.5 |
|                  337792 |           23268.3 |             3940.91 |         19327.4 |
|                  318464 |           23268.3 |             3715.41 |         19552.9 |
|                  298911 |           23268.3 |             3487.29 |           19781 |
|                  279130 |           23268.3 |             3256.52 |         20011.8 |
|                  259118 |           23268.3 |             3023.04 |         20245.2 |
|                  238872 |           23268.3 |             2786.84 |         20481.4 |
|                  218390 |           23268.3 |             2547.88 |         20720.4 |
|                  197669 |           23268.3 |             2306.14 |         20962.1 |
|                  176706 |           23268.3 |             2061.57 |         21206.7 |
|                  155499 |           23268.3 |             1814.16 |         21454.1 |
|                  134044 |           23268.3 |             1563.85 |         21704.4 |
|                  112339 |           23268.3 |             1310.62 |         21957.6 |
|                   90381 |           23268.3 |             1054.44 |         22213.8 |
|                   68167 |           23268.3 |             795.282 |           22473 |
|                   45694 |           23268.3 |             533.097 |         22735.2 |
|                   22958 |             22958 |             267.843 |         22690.2 |
