______________________________________________________________________________________
| Остаток основного долга | Ежемесячный взнос | Погашение процентов | Погашение долга |
|                     500 |             44.14 |             41.6667 |         2.47334 |
|                     497 |             44.14 |             41.4167 |         2.72334 |
|                     494 |             44.14 |             41.1667 |         2.97334 |
|                     491 |             44.14 |             40.9167 |         3.22334 |
|                     487 |             44.14 |             40.5833 |         3.55667 |
|                     483 |             44.14 |               40.25 |            3.89 |
|                     479 |             44.14 |             39.9167 |         4.22334 |
|                     474 |             44.14 |                39.5 |            4.64 |
|                     469 |             44.14 |             39.0833 |         5.05667 |
|                     463 |             44.14 |             38.5833 |         5.55667 |
|                     457 |             44.14 |             38.0833 |         6.05667 |
|                     450 |             44.14 |                37.5 |            6.64 |
|                     443 |             44.14 |             36.9167 |         7.22334 |
|                     435 |             44.14 |               36.25 |            7.89 |
|                     427 |             44.14 |             35.5833 |         8.55667 |
|                     418 |             44.14 |             34.8333 |         9.30667 |
|                     408 |             44.14 |                  34 |           10.14 |
|                     397 |             44.14 |             33.0833 |         11.0567 |
|                     385 |             44.14 |             32.0833 |         12.0567 |
|                     372 |             44.14 |                  31 |           13.14 |
|                     358 |             44.14 |             29.8333 |         14.3067 |
|                     343 |             44.14 |             28.5833 |         15.5567 |
|                     327 |             44.14 |               27.25 |           16.89 |
|                     310 |             44.14 |             25.8333 |         18.3067 |
|                     291 |             44.14 |               24.25 |           19.89 |
|                     271 |             44.14 |             22.5833 |         21.5567 |
|                     249 |             44.14 |               20.75 |           23.39 |
|                     225 |             44.14 |               18.75 |           25.39 |
|                     199 |             44.14 |             16.5833 |         27.5567 |
|                     171 |             44.14 |               14.25 |           29.89 |
|                     141 |             44.14 |               11.75 |           32.39 |
|                     108 |             44.14 |                   9 |           35.14 |
|                      72 |             44.14 |                   6 |           38.14 |
|                      33 |                33 |                2.75 |           30.25 |
